
Round: 0
00000000
00000000
00000000
00000000
00000000
00000000
00000000
00000000

Valid moves for 1:
3, 3
3, 4
4, 3
4, 4

Player 1: 3, 3

After move by Player 1
00000000
00000000
00000000
00000000
00010000
00000000
00000000
00000000


Round: 1
00000000
00000000
00000000
00000000
00010000
00000000
00000000
00000000

Valid moves for 2:
3, 4
4, 3
4, 4

Player 2: 4, 3

After move by Player 2
00000000
00000000
00000000
00020000
00010000
00000000
00000000
00000000


Round: 2
00000000
00000000
00000000
00020000
00010000
00000000
00000000
00000000

Valid moves for 1:
3, 4
4, 4

Player 1: 4, 4

After move by Player 1
00000000
00000000
00000000
00021000
00010000
00000000
00000000
00000000


Round: 3
00000000
00000000
00000000
00021000
00010000
00000000
00000000
00000000

Valid moves for 2:
3, 4

Player 2: 3, 4

After move by Player 2
00000000
00000000
00000000
00021000
00012000
00000000
00000000
00000000


Round: 4
00000000
00000000
00000000
00021000
00012000
00000000
00000000
00000000

Valid moves for 1:
2, 4
3, 5
4, 2
5, 3

Player 1: 3, 5

After move by Player 1
00000000
00000000
00000000
00021000
00011100
00000000
00000000
00000000


Round: 5
00000000
00000000
00000000
00021000
00011100
00000000
00000000
00000000

Valid moves for 2:
2, 3
2, 5
4, 5

Player 2: 2, 5

After move by Player 2
00000000
00000000
00000000
00021000
00012100
00000200
00000000
00000000


Round: 6
00000000
00000000
00000000
00021000
00012100
00000200
00000000
00000000

Valid moves for 1:
1, 5
2, 4
4, 2
5, 3

Player 1: 5, 3

After move by Player 1
00000000
00000000
00010000
00011000
00012100
00000200
00000000
00000000


Round: 7
00000000
00000000
00010000
00011000
00012100
00000200
00000000
00000000

Valid moves for 2:
3, 2
3, 6
4, 5
5, 2
5, 4

Player 2: 5, 2

After move by Player 2
00000000
00000000
00210000
00021000
00012100
00000200
00000000
00000000


Round: 8
00000000
00000000
00210000
00021000
00012100
00000200
00000000
00000000

Valid moves for 1:
1, 5
2, 4
4, 2
5, 1

Player 1: 2, 4

After move by Player 1
00000000
00000000
00210000
00021000
00011100
00001200
00000000
00000000


Round: 9
00000000
00000000
00210000
00021000
00011100
00001200
00000000
00000000

Valid moves for 2:
2, 3
4, 5
5, 4
6, 3

Player 2: 6, 3

After move by Player 2
00000000
00020000
00220000
00021000
00011100
00001200
00000000
00000000


Round: 10
00000000
00020000
00220000
00021000
00011100
00001200
00000000
00000000

Valid moves for 1:
1, 5
1, 6
2, 6
4, 2
6, 1
6, 2
7, 3

Player 1: 1, 5

After move by Player 1
00000000
00020000
00220000
00021000
00011100
00001100
00000100
00000000


Round: 11
00000000
00020000
00220000
00021000
00011100
00001100
00000100
00000000

Valid moves for 2:
1, 6
2, 3
2, 6
4, 5

Player 2: 4, 5

After move by Player 2
00000000
00020000
00220000
00022200
00011100
00001100
00000100
00000000


Round: 12
00000000
00020000
00220000
00022200
00011100
00001100
00000100
00000000

Valid moves for 1:
5, 4
5, 5
5, 6
6, 1
6, 2
7, 3

Player 1: 5, 6

After move by Player 1
00000000
00020000
00220010
00022100
00011100
00001100
00000100
00000000


Round: 13
00000000
00020000
00220010
00022100
00011100
00001100
00000100
00000000

Valid moves for 2:
1, 4
1, 6
2, 2
2, 3
2, 6
4, 6

Player 2: 2, 3

After move by Player 2
00000000
00020000
00220010
00022100
00021100
00021100
00000100
00000000


Round: 14
00000000
00020000
00220010
00022100
00021100
00021100
00000100
00000000

Valid moves for 1:
1, 2
2, 2
3, 2
4, 2
5, 4
6, 1
6, 2

Player 1: 4, 2

After move by Player 1
00000000
00020000
00220010
00111100
00011100
00021100
00000100
00000000


Round: 15
00000000
00020000
00220010
00111100
00011100
00021100
00000100
00000000

Valid moves for 2:
1, 6
2, 6
3, 1
3, 2
6, 7

Player 2: 1, 6

After move by Player 2
00000000
00020000
00220010
00121100
00012100
00021200
00000120
00000000


Round: 16
00000000
00020000
00220010
00121100
00012100
00021200
00000120
00000000

Valid moves for 1:
1, 2
1, 3
1, 7
2, 2
2, 6
6, 2
6, 4
7, 3

Player 1: 7, 3

After move by Player 1
00010000
00010000
00210010
00111100
00012100
00021200
00000120
00000000


Round: 17
00010000
00010000
00210010
00111100
00012100
00021200
00000120
00000000

Valid moves for 2:
0, 5
1, 4
3, 2
3, 6
5, 4
5, 5
6, 7
7, 4

Player 2: 6, 7

After move by Player 2
00010000
00010002
00210020
00111200
00012100
00021200
00000120
00000000


Round: 18
00010000
00010002
00210020
00111200
00012100
00021200
00000120
00000000

Valid moves for 1:
0, 7
1, 3
1, 7
2, 2
2, 6
4, 1
4, 6
5, 1
5, 5
6, 1
6, 2

Player 1: 4, 6

After move by Player 1
00010000
00010002
00210020
00111110
00012100
00021200
00000120
00000000


Round: 19
00010000
00010002
00210020
00111110
00012100
00021200
00000120
00000000

Valid moves for 2:
0, 5
1, 4
3, 2
3, 6
5, 4
5, 5
7, 4

Player 2: 3, 6

After move by Player 2
00010000
00010002
00210020
00111120
00012220
00021200
00000120
00000000


Round: 20
00010000
00010002
00210020
00111120
00012220
00021200
00000120
00000000

Valid moves for 1:
0, 7
1, 2
1, 3
1, 7
2, 2
2, 6
2, 7
3, 7
4, 1
4, 7
5, 1
5, 7
6, 1
6, 2

Player 1: 4, 7

After move by Player 1
00010000
00010002
00210020
00111111
00012220
00021200
00000120
00000000


Round: 21
00010000
00010002
00210020
00111111
00012220
00021200
00000120
00000000

Valid moves for 2:
0, 5
1, 3
1, 4
3, 2
5, 4
5, 5
5, 7
6, 2
7, 4

Player 2: 5, 4

After move by Player 2
00010000
00010002
00222020
00112211
00012220
00021200
00000120
00000000


Round: 22
00010000
00010002
00222020
00112211
00012220
00021200
00000120
00000000

Valid moves for 1:
0, 7
1, 3
1, 4
1, 7
2, 2
2, 6
2, 7
3, 7
4, 1
5, 5
6, 1
6, 2
6, 4
6, 5
6, 6

Player 1: 0, 7

After move by Player 1
00010000
00010002
00222020
00112211
00011220
00021100
00000110
00000001


Round: 23
00010000
00010002
00222020
00112211
00011220
00021100
00000110
00000001

Valid moves for 2:
0, 5
1, 3
1, 4
2, 2
2, 6
3, 1
3, 2
4, 1
5, 7
7, 2
7, 4

Player 2: 7, 4

After move by Player 2
00012000
00020002
00222020
00112211
00011220
00021100
00000110
00000001


Round: 24
00012000
00020002
00222020
00112211
00011220
00021100
00000110
00000001

Valid moves for 1:
1, 2
1, 3
2, 2
2, 6
3, 7
5, 5
6, 1
6, 2
6, 4
6, 5
6, 6
7, 5

Player 1: 6, 5

After move by Player 1
00012000
00020102
00221010
00112211
00011220
00021100
00000110
00000001


Round: 25
00012000
00020102
00221010
00112211
00011220
00021100
00000110
00000001

Valid moves for 2:
0, 5
1, 3
1, 4
2, 2
2, 6
3, 1
3, 2
4, 1
5, 5
5, 7
6, 4
6, 6
7, 2

Player 2: 1, 3

After move by Player 2
00012000
00020102
00221010
00112211
00011220
00022100
00020110
00000001


Round: 26
00012000
00020102
00221010
00112211
00011220
00022100
00020110
00000001

Valid moves for 1:
0, 2
0, 3
1, 2
1, 4
2, 2
2, 6
2, 7
3, 7
5, 1
5, 5
6, 1
6, 2
6, 4
7, 2
7, 5

Player 1: 7, 2

After move by Player 1
00112000
00010102
00221010
00112211
00011220
00022100
00020110
00000001


Round: 27
00112000
00010102
00221010
00112211
00011220
00022100
00020110
00000001

Valid moves for 2:
0, 5
0, 6
1, 4
2, 2
2, 6
3, 1
3, 2
4, 1
5, 1
5, 5
5, 7
6, 4
6, 6
7, 1

Player 2: 7, 1

After move by Player 2
02222000
00010102
00221010
00112211
00011220
00022100
00020110
00000001


Round: 28
02222000
00010102
00221010
00112211
00011220
00022100
00020110
00000001

Valid moves for 1:
0, 2
0, 3
1, 2
1, 4
2, 2
2, 6
2, 7
3, 7
4, 1
5, 1
5, 5
6, 1
6, 2
6, 4

Player 1: 2, 7

After move by Player 1
02222000
00010102
00221010
00112111
00011210
00022101
00020110
00000001


Round: 29
02222000
00010102
00221010
00112111
00011210
00022101
00020110
00000001

Valid moves for 2:
0, 5
0, 6
2, 2
2, 6
3, 1
3, 2
3, 7
4, 1
5, 1
5, 5
5, 7
6, 4

Player 2: 4, 1

After move by Player 2
02222000
00010102
00221010
02222111
00011210
00022101
00020110
00000001


Round: 30
02222000
00010102
00221010
02222111
00011210
00022101
00020110
00000001

Valid moves for 1:
0, 2
0, 3
1, 2
1, 4
2, 2
3, 0
3, 2
4, 0
5, 1
5, 5
6, 1

Player 1: 4, 0

After move by Player 1
02222000
00010102
00221010
11111111
00011210
00022101
00020110
00000001


Round: 31
02222000
00010102
00221010
11111111
00011210
00022101
00020110
00000001

Valid moves for 2:
0, 5
0, 6
2, 6
3, 0
3, 1
3, 2
3, 7
5, 1
5, 5
5, 7
6, 4

Player 2: 3, 0

After move by Player 2
02222000
00010102
00221010
12111111
20011210
00022101
00020110
00000001


Round: 32
02222000
00010102
00221010
12111111
20011210
00022101
00020110
00000001

Valid moves for 1:
0, 2
0, 3
1, 2
1, 4
2, 0
2, 2
2, 6
5, 1
6, 1
6, 2
6, 4

Player 1: 2, 0

After move by Player 1
02222000
00010102
00221010
12111111
10011210
10022101
00020110
00000001


Round: 33
02222000
00010102
00221010
12111111
10011210
10022101
00020110
00000001

Valid moves for 2:
0, 5
0, 6
2, 6
3, 1
3, 2
3, 7
5, 1
5, 5
5, 7
6, 4

Player 2: 3, 2

After move by Player 2
02222000
00010102
00221010
12211111
10222210
10022101
00020110
00000001


Round: 34
02222000
00010102
00221010
12211111
10222210
10022101
00020110
00000001

Valid moves for 1:
0, 2
0, 3
1, 2
1, 4
2, 1
2, 2
2, 6
3, 1
5, 1
6, 1
6, 2

Player 1: 3, 1

After move by Player 1
02222000
00010102
00221010
12211111
11111110
10022101
00020110
00000001


Round: 35
02222000
00010102
00221010
12211111
11111110
10022101
00020110
00000001

Valid moves for 2:
0, 6
2, 1
2, 2
2, 6
5, 5
5, 7
6, 4

Player 2: 5, 7

After move by Player 2
02222000
00010102
00221012
12211121
11111210
10022101
00020110
00000001


Round: 36
02222000
00010102
00221012
12211121
11111210
10022101
00020110
00000001

Valid moves for 1:
0, 3
1, 2
1, 4
2, 2
2, 6
5, 0
5, 1
6, 1
6, 2
6, 4
7, 7

Player 1: 7, 7

After move by Player 1
02222001
00010101
00221011
12211121
11111210
10022101
00020110
00000001


Round: 37
02222001
00010101
00221011
12211121
11111210
10022101
00020110
00000001

Valid moves for 2:
0, 5
0, 6
2, 1
2, 2
2, 6
3, 7
5, 5
6, 4
6, 6

Player 2: 2, 1

After move by Player 2
02222001
00010101
00221011
12211121
12111210
12022101
00020110
00000001


Round: 38
02222001
00010101
00221011
12211121
12111210
12022101
00020110
00000001

Valid moves for 1:
0, 2
0, 3
1, 0
1, 2
1, 4
2, 2
2, 6
5, 0
5, 1
6, 1
6, 2
6, 4

Player 1: 0, 2

After move by Player 1
02222001
00010101
00221011
12211111
12111110
12021101
00010110
00100001


Round: 39
02222001
00010101
00221011
12211111
12111110
12021101
00010110
00100001

Valid moves for 2:
0, 3
0, 6
2, 2
2, 6
3, 7
5, 5
7, 6

Player 2: 0, 6

After move by Player 2
02222001
00010101
00221011
12211111
12121110
12022101
00010210
00100021


Round: 40
02222001
00010101
00221011
12211111
12121110
12022101
00010210
00100021

Valid moves for 1:
0, 5
1, 0
1, 2
1, 4
2, 2
5, 0
5, 1
6, 1
6, 2
6, 4

Player 1: 0, 5

After move by Player 1
02222001
00010101
00221011
12211111
12121110
12022101
00010110
00100111


Round: 41
02222001
00010101
00221011
12211111
12121110
12022101
00010110
00100111

Valid moves for 2:
0, 3
2, 2
2, 6
3, 7
5, 5
6, 4
7, 6

Player 2: 2, 6

After move by Player 2
02222001
00010101
00221011
12212111
12121210
12022221
00010110
00100111


Round: 42
02222001
00010101
00221011
12212111
12121210
12022221
00010110
00100111

Valid moves for 1:
1, 0
1, 2
1, 4
2, 2
3, 7
5, 0
5, 1
6, 1
6, 2
6, 4

Player 1: 5, 0

After move by Player 1
02222001
00010101
10221011
11212111
12121210
12022221
00010110
00100111


Round: 43
02222001
00010101
10221011
11212111
12121210
12022221
00010110
00100111

Valid moves for 2:
0, 3
0, 4
2, 2
3, 7
5, 1
5, 5
6, 4
6, 6
7, 6

Player 2: 6, 4

After move by Player 2
02222001
00012101
10222011
11212111
12121210
12022221
00010110
00100111


Round: 44
02222001
00012101
10222011
11212111
12121210
12022221
00010110
00100111

Valid moves for 1:
1, 0
1, 1
1, 2
1, 4
2, 2
3, 7
5, 1
6, 1
6, 2
7, 5

Player 1: 7, 5

After move by Player 1
02222101
00011101
10212011
11112111
11121210
12022221
00010110
00100111


Round: 45
02222101
00011101
10212011
11112111
11121210
12022221
00010110
00100111

Valid moves for 2:
0, 3
0, 4
2, 2
3, 7
5, 1
5, 5
6, 2
6, 6
7, 6

Player 2: 6, 2

After move by Player 2
02222101
00211101
10222011
11112111
11121210
12022221
00010110
00100111


Round: 46
02222101
00211101
10222011
11112111
11121210
12022221
00010110
00100111

Valid moves for 1:
1, 0
1, 1
1, 2
1, 4
2, 2
3, 7
6, 1
7, 0

Player 1: 7, 0

After move by Player 1
11111101
00211101
10222011
11112111
11121210
12022221
00010110
00100111


Round: 47
11111101
00211101
10222011
11112111
11121210
12022221
00010110
00100111

Valid moves for 2:
0, 3
0, 4
2, 2
3, 7
5, 1
5, 5
6, 6
7, 6

Player 2: 0, 3

After move by Player 2
11111101
00211101
10222011
11112111
11121210
12022221
00020110
00120111


Round: 48
11111101
00211101
10222011
11112111
11121210
12022221
00020110
00120111

Valid moves for 1:
0, 4
1, 0
1, 1
1, 2
1, 4
1, 7
2, 2
3, 7
5, 1
6, 1

Player 1: 0, 4

After move by Player 1
11111101
00211101
10222011
11112111
11121210
12022221
00020110
00111111


Round: 49
11111101
00211101
10222011
11112111
11121210
12022221
00020110
00111111

Valid moves for 2:
2, 2
3, 7
5, 1
5, 5
6, 6
7, 6

Player 2: 7, 6

After move by Player 2
11111121
00211201
10222011
11112111
11121210
12022221
00020110
00111111


Round: 50
11111121
00211201
10222011
11112111
11121210
12022221
00020110
00111111

Valid moves for 1:
1, 0
1, 1
1, 2
1, 4
1, 7
2, 2
3, 7
5, 1
5, 5
6, 1
6, 6

Player 1: 5, 5

After move by Player 1
11111121
00211101
10222111
11112111
11121210
12022221
00020110
00111111


Round: 51
11111121
00211101
10222111
11112111
11121210
12022221
00020110
00111111

Valid moves for 2:
2, 2
3, 7
5, 1
6, 6

Player 2: 6, 6

After move by Player 2
11111121
00222221
10222221
11112121
11121220
12022221
00020110
00111111


Round: 52
11111121
00222221
10222221
11112121
11121220
12022221
00020110
00111111

Valid moves for 1:
1, 0
1, 1
1, 2
1, 4
1, 7
2, 2
3, 7
5, 1
6, 1

Player 1: 5, 1

After move by Player 1
11111121
00122221
11111111
11112121
11121220
12022221
00020110
00111111


Round: 53
11111121
00122221
11111111
11112121
11121220
12022221
00020110
00111111

Valid moves for 2:
6, 0
6, 1

Player 2: 6, 1

After move by Player 2
11111121
02222221
12211111
12122121
12122220
12022221
00020110
00111111


Round: 54
11111121
02222221
12211111
12122121
12122220
12022221
00020110
00111111

Valid moves for 1:
1, 0
1, 1
1, 2
1, 4
1, 7
2, 2
3, 7
6, 0

Player 1: 1, 7

After move by Player 1
11111121
02222221
12211111
12121121
12122120
12022211
00020111
00111111


Round: 55
11111121
02222221
12211111
12121121
12122120
12022211
00020111
00111111

Valid moves for 2:
2, 2

Player 2: 2, 2

After move by Player 2
11111121
02222221
12211111
12221121
12222120
12222211
00020111
00111111


Round: 56
11111121
02222221
12211111
12221121
12222120
12222211
00020111
00111111

Valid moves for 1:
1, 0
1, 1
1, 2
1, 4
3, 7
6, 0

Player 1: 6, 0

After move by Player 1
11111121
11111111
11211111
12121121
12212120
12221211
00020111
00111111


Round: 57
11111121
11111111
11211111
12121121
12212120
12221211
00020111
00111111

Valid moves for 2:
1, 4

Player 2: 1, 4

After move by Player 2
11111121
11111111
11211111
12121121
12212120
12222211
00022111
00111111


Round: 58
11111121
11111111
11211111
12121121
12212120
12222211
00022111
00111111

Valid moves for 1:
1, 0
1, 1
1, 2
3, 7

Player 1: 1, 0

After move by Player 1
11111121
11111111
11211111
12111121
12112120
11222211
10022111
00111111


Round: 59
11111121
11111111
11211111
12111121
12112120
11222211
10022111
00111111

Valid moves for 2:
1, 1

Player 2: 1, 1

After move by Player 2
11111121
11111111
11211111
12111121
12112120
12222211
12022111
00111111


Round: 60
11111121
11111111
11211111
12111121
12112120
12222211
12022111
00111111

Valid moves for 1:
0, 0
0, 1
1, 2
3, 7

Player 1: 0, 1

After move by Player 1
11111121
11111111
11211111
11111121
11112120
11222211
11022111
01111111


Round: 61
11111121
11111111
11211111
11111121
11112120
11222211
11022111
01111111

Valid moves for 2:
0, 0

Player 2: 0, 0

After move by Player 2
11111121
11111111
11211111
11111121
11112120
11222211
12022111
21111111


Round: 62
11111121
11111111
11211111
11111121
11112120
11222211
12022111
21111111

Valid moves for 1:
1, 2
3, 7

Player 1: 1, 2

After move by Player 1
11111121
11111111
11211111
11111121
11111120
11112211
11111111
21111111


Round: 63
11111121
11111111
11211111
11111121
11111120
11112211
11111111
21111111

Valid moves for 2:

Player 2 can't move

Round: 63
11111121
11111111
11211111
11111121
11111120
11112211
11111111
21111111

Valid moves for 1:
3, 7

Player 1: 3, 7

After move by Player 1
11111121
11111111
11211111
11111111
11111111
11112211
11111111
21111111


Round: 64
11111121
11111111
11211111
11111111
11111111
11112211
11111111
21111111

Valid moves for 2:

Player 2 can't move

Round: 64
11111121
11111111
11211111
11111111
11111111
11112211
11111111
21111111

Valid moves for 1:

Player 1 can't move

Black: 59
White: 5

